MEME version None

ALPHABET= ACGT

strands: None

Background letter frequencies
A 0.25 C 0.25 G 0.25 T 0.25

MOTIF MA0004.1 Arnt 
letter-probability matrix: alength= 4 w= 6 
0.2	0.8	0.0	0.0
0.95	0.0	0.05	0.0
0.0	1.0	0.0	0.0
0.0	0.0	1.0	0.0
0.0	0.0	0.0	1.0
0.0	0.0	1.0	0.0

MOTIF MA0006.1 Ahr::Arnt 
letter-probability matrix: alength= 4 w= 6 
0.125	0.3333333333333333	0.08333333333333333	0.4583333333333333
0.0	0.0	0.9583333333333334	0.041666666666666664
0.0	0.9583333333333334	0.0	0.041666666666666664
0.0	0.0	0.9583333333333334	0.041666666666666664
0.0	0.0	0.0	1.0
0.0	0.0	1.0	0.0

MOTIF MA0010.1 br 
letter-probability matrix: alength= 4 w= 14 
0.3333333333333333	0.1111111111111111	0.4444444444444444	0.1111111111111111
0.1111111111111111	0.1111111111111111	0.1111111111111111	0.6666666666666666
0.5555555555555556	0.2222222222222222	0.1111111111111111	0.1111111111111111
0.7777777777777778	0.0	0.1111111111111111	0.1111111111111111
0.3333333333333333	0.0	0.0	0.6666666666666666
0.6666666666666666	0.0	0.0	0.3333333333333333
0.4444444444444444	0.1111111111111111	0.4444444444444444	0.0
0.7777777777777778	0.0	0.1111111111111111	0.1111111111111111
0.1111111111111111	0.8888888888888888	0.0	0.0
1.0	0.0	0.0	0.0
0.8888888888888888	0.0	0.1111111111111111	0.0
0.5555555555555556	0.0	0.3333333333333333	0.1111111111111111
0.4444444444444444	0.0	0.0	0.5555555555555556
0.2222222222222222	0.3333333333333333	0.2222222222222222	0.2222222222222222

MOTIF MA0011.1 br 
letter-probability matrix: alength= 4 w= 8 
0.25	0.08333333333333333	0.08333333333333333	0.5833333333333334
0.4166666666666667	0.16666666666666666	0.08333333333333333	0.3333333333333333
0.0	0.8333333333333334	0.0	0.16666666666666666
0.0	0.08333333333333333	0.0	0.9166666666666666
1.0	0.0	0.0	0.0
0.08333333333333333	0.08333333333333333	0.16666666666666666	0.6666666666666666
0.16666666666666666	0.0	0.08333333333333333	0.75
0.08333333333333333	0.16666666666666666	0.08333333333333333	0.6666666666666666

MOTIF MA0012.1 br 
letter-probability matrix: alength= 4 w= 11 
0.25	0.08333333333333333	0.08333333333333333	0.5833333333333334
0.75	0.16666666666666666	0.08333333333333333	0.0
0.8333333333333334	0.0	0.0	0.16666666666666666
1.0	0.0	0.0	0.0
0.0	0.8333333333333334	0.08333333333333333	0.08333333333333333
0.3333333333333333	0.0	0.0	0.6666666666666666
0.8333333333333334	0.0	0.0	0.16666666666666666
0.5	0.0	0.3333333333333333	0.16666666666666666
0.5	0.08333333333333333	0.16666666666666666	0.25
0.3333333333333333	0.25	0.16666666666666666	0.25
0.16666666666666666	0.25	0.4166666666666667	0.16666666666666666

MOTIF MA0013.1 br 
letter-probability matrix: alength= 4 w= 11 
0.16666666666666666	0.16666666666666666	0.0	0.6666666666666666
0.6666666666666666	0.0	0.0	0.3333333333333333
0.3333333333333333	0.0	0.6666666666666666	0.0
0.16666666666666666	0.0	0.0	0.8333333333333334
0.8333333333333334	0.0	0.16666666666666666	0.0
1.0	0.0	0.0	0.0
0.8333333333333334	0.0	0.16666666666666666	0.0
0.16666666666666666	0.5	0.16666666666666666	0.16666666666666666
0.5	0.0	0.16666666666666666	0.3333333333333333
0.8333333333333334	0.0	0.0	0.16666666666666666
0.5	0.16666666666666666	0.0	0.3333333333333333

MOTIF MA0015.1 Cf2 
letter-probability matrix: alength= 4 w= 10 
0.3125	0.1625	0.5	0.025
0.0125	0.025	0.0125	0.95
0.925	0.025	0.05	0.0
0.0	0.1125	0.05	0.8375
0.975	0.025	0.0	0.0
0.0125	0.05	0.0125	0.925
0.5125	0.025	0.45	0.0125
0.025	0.1125	0.0125	0.85
0.6625	0.0375	0.25	0.05
0.15	0.3625	0.1875	0.3

MOTIF MA0016.1 usp 
letter-probability matrix: alength= 4 w= 10 
0.0	0.02631578947368421	0.9736842105263158	0.0
0.02631578947368421	0.0	0.9473684210526315	0.02631578947368421
0.0	0.0	1.0	0.0
0.0	0.0	1.0	0.0
0.0	0.0	0.0	1.0
0.0	0.9473684210526315	0.02631578947368421	0.02631578947368421
0.9210526315789473	0.0	0.07894736842105263	0.0
0.13157894736842105	0.6578947368421053	0.07894736842105263	0.13157894736842105
0.13157894736842105	0.21052631578947367	0.5789473684210527	0.07894736842105263
0.15789473684210525	0.2631578947368421	0.42105263157894735	0.15789473684210525

MOTIF MA0019.1 Ddit3::Cebpa 
letter-probability matrix: alength= 4 w= 12 
0.358974358974359	0.1794871794871795	0.3076923076923077	0.15384615384615385
0.28205128205128205	0.1794871794871795	0.358974358974359	0.1794871794871795
0.46153846153846156	0.07692307692307693	0.38461538461538464	0.07692307692307693
0.0	0.02564102564102564	0.0	0.9743589743589743
0.0	0.0	0.9743589743589743	0.02564102564102564
0.10256410256410256	0.8461538461538461	0.0	0.05128205128205128
0.9743589743589743	0.02564102564102564	0.0	0.0
0.9230769230769231	0.05128205128205128	0.02564102564102564	0.0
0.0	0.15384615384615385	0.0	0.8461538461538461
0.358974358974359	0.4358974358974359	0.1282051282051282	0.07692307692307693
0.10256410256410256	0.5897435897435898	0.23076923076923078	0.07692307692307693
0.0	0.6666666666666666	0.15384615384615385	0.1794871794871795

MOTIF MA0020.1 Dof2 
letter-probability matrix: alength= 4 w= 6 
1.0	0.0	0.0	0.0
1.0	0.0	0.0	0.0
1.0	0.0	0.0	0.0
0.0	0.0	1.0	0.0
0.14285714285714285	0.6666666666666666	0.09523809523809523	0.09523809523809523
0.3333333333333333	0.2857142857142857	0.14285714285714285	0.23809523809523808

MOTIF MA0021.1 Dof3 
letter-probability matrix: alength= 4 w= 6 
1.0	0.0	0.0	0.0
1.0	0.0	0.0	0.0
1.0	0.0	0.0	0.0
0.0	0.0	1.0	0.0
0.0	0.47619047619047616	0.14285714285714285	0.38095238095238093
0.2857142857142857	0.2857142857142857	0.42857142857142855	0.0

MOTIF MA0022.1 dl 
letter-probability matrix: alength= 4 w= 12 
0.0	0.38461538461538464	0.46153846153846156	0.15384615384615385
0.0	0.0	0.9230769230769231	0.07692307692307693
0.0	0.07692307692307693	0.8461538461538461	0.07692307692307693
0.0	0.0	0.7692307692307693	0.23076923076923078
0.07692307692307693	0.07692307692307693	0.23076923076923078	0.6153846153846154
0.07692307692307693	0.0	0.15384615384615385	0.7692307692307693
0.07692307692307693	0.0	0.0	0.9230769230769231
0.0	0.0	0.0	1.0
0.0	0.23076923076923078	0.0	0.7692307692307693
0.07692307692307693	0.6923076923076923	0.0	0.23076923076923078
0.07692307692307693	0.6923076923076923	0.07692307692307693	0.15384615384615385
0.23076923076923078	0.38461538461538464	0.38461538461538464	0.0

MOTIF MA0023.1 dl 
letter-probability matrix: alength= 4 w= 10 
0.0	0.1111111111111111	0.7777777777777778	0.1111111111111111
0.0	0.0	0.7777777777777778	0.2222222222222222
0.0	0.0	1.0	0.0
0.0	0.0	0.8888888888888888	0.1111111111111111
0.4444444444444444	0.1111111111111111	0.0	0.4444444444444444
0.2222222222222222	0.1111111111111111	0.0	0.6666666666666666
0.0	0.0	0.0	1.0
0.0	0.1111111111111111	0.0	0.8888888888888888
0.0	1.0	0.0	0.0
0.1111111111111111	0.8888888888888888	0.0	0.0

MOTIF MA0026.1 Eip74EF 
letter-probability matrix: alength= 4 w= 7 
0.11764705882352941	0.7058823529411765	0.11764705882352941	0.058823529411764705
0.29411764705882354	0.7058823529411765	0.0	0.0
0.0	0.0	1.0	0.0
0.0	0.0	1.0	0.0
1.0	0.0	0.0	0.0
1.0	0.0	0.0	0.0
0.29411764705882354	0.058823529411764705	0.5882352941176471	0.058823529411764705

MOTIF MA0029.1 Mecom 
letter-probability matrix: alength= 4 w= 14 
0.5185185185185185	0.07407407407407407	0.2222222222222222	0.18518518518518517
0.7407407407407407	0.037037037037037035	0.07407407407407407	0.14814814814814814
0.0	0.037037037037037035	0.9259259259259259	0.037037037037037035
1.0	0.0	0.0	0.0
0.037037037037037035	0.37037037037037035	0.0	0.5925925925925926
1.0	0.0	0.0	0.0
0.9629629629629629	0.0	0.037037037037037035	0.0
0.0	0.0	1.0	0.0
1.0	0.0	0.0	0.0
0.0	0.1111111111111111	0.0	0.8888888888888888
0.8888888888888888	0.037037037037037035	0.0	0.07407407407407407
0.8518518518518519	0.0	0.14814814814814814	0.0
0.2222222222222222	0.25925925925925924	0.25925925925925924	0.25925925925925924
0.5555555555555556	0.2222222222222222	0.1111111111111111	0.1111111111111111

MOTIF MA0030.1 FOXF2 
letter-probability matrix: alength= 4 w= 14 
0.037037037037037035	0.37037037037037035	0.25925925925925924	0.3333333333333333
0.37037037037037035	0.25925925925925924	0.18518518518518517	0.18518518518518517
0.6296296296296297	0.14814814814814814	0.07407407407407407	0.14814814814814814
0.4642857142857143	0.17857142857142858	0.17857142857142858	0.17857142857142858
0.13636363636363635	0.5	0.36363636363636365	0.0
0.25925925925925924	0.0	0.7407407407407407	0.0
0.0	0.0	0.0	1.0
1.0	0.0	0.0	0.0
1.0	0.0	0.0	0.0
1.0	0.0	0.0	0.0
0.0	0.9259259259259259	0.0	0.07407407407407407
1.0	0.0	0.0	0.0
0.5925925925925926	0.14814814814814814	0.07407407407407407	0.18518518518518517
0.25925925925925924	0.14814814814814814	0.2222222222222222	0.37037037037037035

MOTIF MA0031.1 FOXD1 
letter-probability matrix: alength= 4 w= 8 
0.05	0.05	0.85	0.05
0.0	0.0	0.0	1.0
0.95	0.05	0.0	0.0
1.0	0.0	0.0	0.0
0.9	0.05	0.05	0.0
0.05	0.9	0.0	0.05
1.0	0.0	0.0	0.0
0.35	0.1	0.15	0.4

MOTIF MA0034.1 Gam1 
letter-probability matrix: alength= 4 w= 10 
0.16	0.24	0.44	0.16
0.4	0.2	0.28	0.12
0.12	0.52	0.0	0.36
0.92	0.04	0.04	0.0
1.0	0.0	0.0	0.0
0.04	0.96	0.0	0.0
0.12	0.56	0.24	0.08
0.24	0.0	0.76	0.0
0.4	0.44	0.0	0.16
0.2	0.76	0.04	0.0

MOTIF MA0040.1 Foxq1 
letter-probability matrix: alength= 4 w= 11 
0.2222222222222222	0.2222222222222222	0.16666666666666666	0.3888888888888889
0.7222222222222222	0.05555555555555555	0.16666666666666666	0.05555555555555555
0.2777777777777778	0.1111111111111111	0.0	0.6111111111111112
0.16666666666666666	0.0	0.0	0.8333333333333334
0.0	0.0	1.0	0.0
0.0	0.0	0.0	1.0
0.0	0.0	0.0	1.0
0.0	0.0	0.0	1.0
0.9444444444444444	0.0	0.05555555555555555	0.0
0.0	0.05555555555555555	0.2222222222222222	0.7222222222222222
0.3333333333333333	0.0	0.16666666666666666	0.5

MOTIF MA0049.1 hb 
letter-probability matrix: alength= 4 w= 10 
0.0625	0.3125	0.5	0.125
0.375	0.5	0.125	0.0
0.5625	0.1875	0.25	0.0
0.25	0.1875	0.0625	0.5
0.8125	0.0625	0.0	0.125
1.0	0.0	0.0	0.0
1.0	0.0	0.0	0.0
0.875	0.0	0.125	0.0
0.9375	0.0625	0.0	0.0
0.5625	0.125	0.125	0.1875

MOTIF MA0051.1 IRF2 
letter-probability matrix: alength= 4 w= 18 
0.0	0.3333333333333333	0.5833333333333334	0.08333333333333333
0.16666666666666666	0.0	0.8333333333333334	0.0
1.0	0.0	0.0	0.0
0.9166666666666666	0.0	0.0	0.08333333333333333
1.0	0.0	0.0	0.0
0.16666666666666666	0.0	0.8333333333333334	0.0
0.0	0.5	0.0	0.5
0.0	0.0	1.0	0.0
1.0	0.0	0.0	0.0
1.0	0.0	0.0	0.0
1.0	0.0	0.0	0.0
0.0	0.5	0.5	0.0
0.0	0.5833333333333334	0.16666666666666666	0.25
0.4166666666666667	0.16666666666666666	0.25	0.16666666666666666
0.5	0.0	0.16666666666666666	0.3333333333333333
0.5	0.08333333333333333	0.08333333333333333	0.3333333333333333
0.4166666666666667	0.16666666666666666	0.08333333333333333	0.3333333333333333
0.25	0.5	0.08333333333333333	0.16666666666666666

MOTIF MA0053.1 MNB1A 
letter-probability matrix: alength= 4 w= 5 
1.0	0.0	0.0	0.0
1.0	0.0	0.0	0.0
1.0	0.0	0.0	0.0
0.0	0.0	1.0	0.0
0.2	0.6	0.0	0.2

MOTIF MA0054.1 myb.Ph3 
letter-probability matrix: alength= 4 w= 9 
0.2714285714285714	0.04285714285714286	0.02857142857142857	0.6571428571428571
0.9142857142857143	0.014285714285714285	0.02857142857142857	0.04285714285714286
0.9	0.0	0.02857142857142857	0.07142857142857142
0.05714285714285714	0.8857142857142857	0.04285714285714286	0.014285714285714285
0.14285714285714285	0.38571428571428573	0.22857142857142856	0.24285714285714285
0.14285714285714285	0.02857142857142857	0.7571428571428571	0.07142857142857142
0.18571428571428572	0.11428571428571428	0.0	0.7
0.04285714285714286	0.24285714285714285	0.014285714285714285	0.7
0.4	0.014285714285714285	0.0	0.5857142857142857

MOTIF MA0059.1 MAX::MYC 
letter-probability matrix: alength= 4 w= 11 
0.3333333333333333	0.047619047619047616	0.42857142857142855	0.19047619047619047
0.7142857142857143	0.047619047619047616	0.19047619047619047	0.047619047619047616
0.09523809523809523	0.42857142857142855	0.42857142857142855	0.047619047619047616
0.047619047619047616	0.9523809523809523	0.0	0.0
1.0	0.0	0.0	0.0
0.0	0.9523809523809523	0.0	0.047619047619047616
0.047619047619047616	0.0	0.9523809523809523	0.0
0.0	0.047619047619047616	0.0	0.9523809523809523
0.0	0.0	1.0	0.0
0.047619047619047616	0.047619047619047616	0.8571428571428571	0.047619047619047616
0.14285714285714285	0.23809523809523808	0.0	0.6190476190476191

MOTIF MA0064.1 PBF 
letter-probability matrix: alength= 4 w= 5 
1.0	0.0	0.0	0.0
1.0	0.0	0.0	0.0
1.0	0.0	0.0	0.0
0.0	0.0	1.0	0.0
0.0625	0.5625	0.0625	0.3125

MOTIF MA0066.1 PPARG 
letter-probability matrix: alength= 4 w= 20 
0.10714285714285714	0.2857142857142857	0.5	0.10714285714285714
0.10714285714285714	0.0	0.0	0.8928571428571429
0.6785714285714286	0.0	0.32142857142857145	0.0
0.0	0.03571428571428571	0.9642857142857143	0.0
0.03571428571428571	0.0	0.9285714285714286	0.03571428571428571
0.0	0.03571428571428571	0.14285714285714285	0.8214285714285714
0.07142857142857142	0.8214285714285714	0.10714285714285714	0.0
0.9285714285714286	0.03571428571428571	0.0	0.03571428571428571
0.17857142857142858	0.5357142857142857	0.14285714285714285	0.14285714285714285
0.17857142857142858	0.25	0.35714285714285715	0.21428571428571427
0.14285714285714285	0.07142857142857142	0.6428571428571429	0.14285714285714285
0.03571428571428571	0.0	0.07142857142857142	0.8928571428571429
0.07142857142857142	0.17857142857142858	0.7142857142857143	0.03571428571428571
0.7857142857142857	0.17857142857142858	0.0	0.03571428571428571
0.03571428571428571	0.9642857142857143	0.0	0.0
0.0	0.8928571428571429	0.0	0.10714285714285714
0.10714285714285714	0.42857142857142855	0.0	0.4642857142857143
0.7857142857142857	0.17857142857142858	0.0	0.03571428571428571
0.17857142857142858	0.42857142857142855	0.21428571428571427	0.17857142857142858
0.25	0.0	0.03571428571428571	0.7142857142857143

MOTIF MA0069.1 PAX6 
letter-probability matrix: alength= 4 w= 14 
0.046511627906976744	0.09302325581395349	0.09302325581395349	0.7674418604651163
0.046511627906976744	0.046511627906976744	0.0	0.9069767441860465
0.09302325581395349	0.6046511627906976	0.023255813953488372	0.27906976744186046
0.9069767441860465	0.046511627906976744	0.023255813953488372	0.023255813953488372
0.06976744186046512	0.7906976744186046	0.023255813953488372	0.11627906976744186
0.023255813953488372	0.0	0.9534883720930233	0.023255813953488372
0.023255813953488372	0.8604651162790697	0.09302325581395349	0.023255813953488372
0.4883720930232558	0.046511627906976744	0.046511627906976744	0.4186046511627907
0.023255813953488372	0.09302325581395349	0.023255813953488372	0.8604651162790697
0.046511627906976744	0.32558139534883723	0.5813953488372093	0.046511627906976744
0.8372093023255814	0.0	0.13953488372093023	0.023255813953488372
0.2558139534883721	0.2558139534883721	0.3023255813953488	0.18604651162790697
0.023255813953488372	0.11627906976744186	0.06976744186046512	0.7906976744186046
0.023255813953488372	0.0	0.3953488372093023	0.5813953488372093

MOTIF MA0070.1 PBX1 
letter-probability matrix: alength= 4 w= 12 
0.2777777777777778	0.3333333333333333	0.1111111111111111	0.2777777777777778
0.16666666666666666	0.5	0.16666666666666666	0.16666666666666666
0.8888888888888888	0.05555555555555555	0.05555555555555555	0.0
0.05555555555555555	0.05555555555555555	0.0	0.8888888888888888
0.0	1.0	0.0	0.0
0.9444444444444444	0.05555555555555555	0.0	0.0
0.9444444444444444	0.0	0.0	0.05555555555555555
0.0	0.0	0.05555555555555555	0.9444444444444444
0.0	1.0	0.0	0.0
0.8888888888888888	0.05555555555555555	0.0	0.05555555555555555
0.6666666666666666	0.0	0.05555555555555555	0.2777777777777778
0.4444444444444444	0.1111111111111111	0.1111111111111111	0.3333333333333333

MOTIF MA0071.1 RORA 
letter-probability matrix: alength= 4 w= 10 
0.6	0.04	0.08	0.28
0.36	0.04	0.0	0.6
0.24	0.48	0.16	0.12
0.44	0.08	0.2	0.28
0.84	0.0	0.16	0.0
0.0	0.0	1.0	0.0
0.0	0.0	1.0	0.0
0.0	0.0	0.0	1.0
0.0	1.0	0.0	0.0
1.0	0.0	0.0	0.0

MOTIF MA0072.1 RORA 
letter-probability matrix: alength= 4 w= 14 
0.25	0.2222222222222222	0.2222222222222222	0.3055555555555556
0.4722222222222222	0.05555555555555555	0.19444444444444445	0.2777777777777778
0.4166666666666667	0.0	0.08333333333333333	0.5
0.9722222222222222	0.027777777777777776	0.0	0.0
0.6388888888888888	0.0	0.0	0.3611111111111111
0.05555555555555555	0.3333333333333333	0.3611111111111111	0.25
0.0	0.0	0.0	1.0
0.7777777777777778	0.0	0.2222222222222222	0.0
0.0	0.0	1.0	0.0
0.0	0.0	1.0	0.0
0.0	0.0	0.0	1.0
0.0	1.0	0.0	0.0
1.0	0.0	0.0	0.0
0.4166666666666667	0.16666666666666666	0.2777777777777778	0.1388888888888889

MOTIF MA0073.1 RREB1 
letter-probability matrix: alength= 4 w= 20 
0.2727272727272727	0.7272727272727273	0.0	0.0
0.09090909090909091	0.9090909090909091	0.0	0.0
0.2727272727272727	0.7272727272727273	0.0	0.0
0.0	1.0	0.0	0.0
0.6363636363636364	0.36363636363636365	0.0	0.0
0.8181818181818182	0.18181818181818182	0.0	0.0
0.7272727272727273	0.2727272727272727	0.0	0.0
0.36363636363636365	0.5454545454545454	0.0	0.09090909090909091
0.0	1.0	0.0	0.0
1.0	0.0	0.0	0.0
0.36363636363636365	0.6363636363636364	0.0	0.0
0.09090909090909091	0.9090909090909091	0.0	0.0
0.2727272727272727	0.7272727272727273	0.0	0.0
0.36363636363636365	0.5454545454545454	0.09090909090909091	0.0
0.18181818181818182	0.8181818181818182	0.0	0.0
0.36363636363636365	0.45454545454545453	0.0	0.18181818181818182
0.36363636363636365	0.45454545454545453	0.09090909090909091	0.09090909090909091
0.36363636363636365	0.5454545454545454	0.0	0.09090909090909091
0.09090909090909091	0.6363636363636364	0.2727272727272727	0.0
0.36363636363636365	0.36363636363636365	0.18181818181818182	0.09090909090909091

MOTIF MA0074.1 RXRA::VDR 
letter-probability matrix: alength= 4 w= 15 
0.3	0.0	0.7	0.0
0.0	0.0	1.0	0.0
0.0	0.0	0.9	0.1
0.0	0.0	0.0	1.0
0.0	0.9	0.0	0.1
0.9	0.0	0.1	0.0
0.4	0.2	0.0	0.4
0.2	0.4	0.2	0.2
0.2	0.0	0.8	0.0
0.5	0.0	0.5	0.0
0.0	0.0	1.0	0.0
0.0	0.0	0.0	1.0
0.1	0.0	0.0	0.9
0.0	0.9	0.0	0.1
0.7	0.1	0.2	0.0

MOTIF MA0077.1 SOX9 
letter-probability matrix: alength= 4 w= 9 
0.039473684210526314	0.7236842105263158	0.11842105263157894	0.11842105263157894
0.10526315789473684	0.5	0.07894736842105263	0.3157894736842105
0.9342105263157895	0.013157894736842105	0.0	0.05263157894736842
0.02631578947368421	0.013157894736842105	0.02631578947368421	0.9342105263157895
0.09210526315789473	0.0	0.05263157894736842	0.8552631578947368
0.02631578947368421	0.02631578947368421	0.9473684210526315	0.0
0.17105263157894737	0.0	0.05263157894736842	0.7763157894736842
0.11842105263157894	0.09210526315789473	0.07894736842105263	0.7105263157894737
0.18421052631578946	0.40789473684210525	0.09210526315789473	0.3157894736842105

MOTIF MA0082.1 squamosa 
letter-probability matrix: alength= 4 w= 14 
0.36666666666666664	0.4666666666666667	0.03333333333333333	0.13333333333333333
0.0	0.7333333333333333	0.0	0.26666666666666666
0.8	0.0	0.13333333333333333	0.06666666666666667
0.5333333333333333	0.06666666666666667	0.03333333333333333	0.36666666666666664
0.7666666666666667	0.0	0.0	0.23333333333333334
0.5666666666666667	0.0	0.0	0.43333333333333335
0.8	0.03333333333333333	0.0	0.16666666666666666
0.26666666666666666	0.0	0.03333333333333333	0.7
0.4666666666666667	0.03333333333333333	0.5	0.0
0.03333333333333333	0.03333333333333333	0.9333333333333333	0.0
0.4666666666666667	0.16666666666666666	0.03333333333333333	0.3333333333333333
0.8333333333333334	0.16666666666666666	0.0	0.0
0.7	0.06666666666666667	0.1	0.13333333333333333
0.23333333333333334	0.16666666666666666	0.26666666666666666	0.3333333333333333

MOTIF MA0084.1 SRY 
letter-probability matrix: alength= 4 w= 9 
0.17857142857142858	0.17857142857142858	0.35714285714285715	0.2857142857142857
0.2857142857142857	0.10714285714285714	0.14285714285714285	0.4642857142857143
0.5357142857142857	0.0	0.10714285714285714	0.35714285714285715
0.6428571428571429	0.10714285714285714	0.10714285714285714	0.14285714285714285
0.8928571428571429	0.0	0.0	0.10714285714285714
0.0	0.9285714285714286	0.0	0.07142857142857142
1.0	0.0	0.0	0.0
0.9642857142857143	0.0	0.03571428571428571	0.0
0.25	0.0	0.07142857142857142	0.6785714285714286

MOTIF MA0085.1 Su(H) 
letter-probability matrix: alength= 4 w= 16 
0.1	0.3	0.3	0.3
0.0	0.4	0.0	0.6
0.0	0.0	1.0	0.0
0.0	0.0	0.0	1.0
0.0	0.0	1.0	0.0
0.3	0.0	0.7	0.0
0.0	0.0	1.0	0.0
1.0	0.0	0.0	0.0
1.0	0.0	0.0	0.0
0.5	0.5	0.0	0.0
0.1	0.7	0.1	0.1
0.1	0.2	0.4	0.3
0.4	0.2	0.2	0.2
0.3	0.1	0.4	0.2
0.4	0.3	0.2	0.1
0.2	0.1	0.2	0.5

MOTIF MA0091.1 TAL1::TCF3 
letter-probability matrix: alength= 4 w= 12 
0.29545454545454547	0.3181818181818182	0.18181818181818182	0.20454545454545456
0.20454545454545456	0.22727272727272727	0.45454545454545453	0.11363636363636363
0.8863636363636364	0.0	0.06818181818181818	0.045454545454545456
0.45454545454545453	0.5454545454545454	0.0	0.0
0.0	0.9772727272727273	0.022727272727272728	0.0
1.0	0.0	0.0	0.0
0.0	0.022727272727272728	0.25	0.7272727272727273
0.2727272727272727	0.7272727272727273	0.0	0.0
0.0	0.0	0.0	1.0
0.0	0.0	0.9772727272727273	0.022727272727272728
0.0	0.06818181818181818	0.45454545454545453	0.4772727272727273
0.09090909090909091	0.09090909090909091	0.045454545454545456	0.7727272727272727

MOTIF MA0092.1 Hand1::Tcf3 
letter-probability matrix: alength= 4 w= 10 
0.13793103448275862	0.27586206896551724	0.3448275862068966	0.2413793103448276
0.3448275862068966	0.0	0.5172413793103449	0.13793103448275862
0.06896551724137931	0.06896551724137931	0.034482758620689655	0.8275862068965517
0.0	0.9655172413793104	0.0	0.034482758620689655
0.0	0.0	0.0	1.0
0.0	0.0	1.0	0.0
0.0	0.10344827586206896	0.8620689655172413	0.034482758620689655
0.3103448275862069	0.4827586206896552	0.034482758620689655	0.1724137931034483
0.5517241379310345	0.0	0.10344827586206896	0.3448275862068966
0.1724137931034483	0.13793103448275862	0.13793103448275862	0.5517241379310345

MOTIF MA0096.1 bZIP910 
letter-probability matrix: alength= 4 w= 7 
0.42857142857142855	0.42857142857142855	0.14285714285714285	0.0
0.0	0.0	0.0	1.0
0.0	0.0	1.0	0.0
1.0	0.0	0.0	0.0
0.0	1.0	0.0	0.0
0.0	0.0	1.0	0.0
0.0	0.0	0.0	1.0

MOTIF MA0097.1 bZIP911 
letter-probability matrix: alength= 4 w= 12 
0.030303030303030304	0.0	0.9393939393939394	0.030303030303030304
0.5151515151515151	0.0	0.48484848484848486	0.0
0.0	0.0	0.0	1.0
0.0	0.0	1.0	0.0
1.0	0.0	0.0	0.0
0.0	1.0	0.0	0.0
0.0	0.0	1.0	0.0
0.0	0.0	0.0	1.0
0.0	0.030303030303030304	0.9696969696969697	0.0
0.030303030303030304	0.0	0.6666666666666666	0.30303030303030304
0.3333333333333333	0.6060606060606061	0.030303030303030304	0.030303030303030304
0.030303030303030304	0.9696969696969697	0.0	0.0

MOTIF MA0101.1 REL 
letter-probability matrix: alength= 4 w= 10 
0.0	0.29411764705882354	0.47058823529411764	0.23529411764705882
0.0	0.058823529411764705	0.8823529411764706	0.058823529411764705
0.058823529411764705	0.0	0.8823529411764706	0.058823529411764705
0.29411764705882354	0.058823529411764705	0.5294117647058824	0.11764705882352941
0.35294117647058826	0.29411764705882354	0.17647058823529413	0.17647058823529413
0.29411764705882354	0.058823529411764705	0.058823529411764705	0.5882352941176471
0.058823529411764705	0.0	0.0	0.9411764705882353
0.11764705882352941	0.0	0.0	0.8823529411764706
0.0	0.8823529411764706	0.0	0.11764705882352941
0.058823529411764705	0.9411764705882353	0.0	0.0

MOTIF MA0107.1 RELA 
letter-probability matrix: alength= 4 w= 10 
0.0	0.2222222222222222	0.6111111111111112	0.16666666666666666
0.0	0.0	0.9444444444444444	0.05555555555555555
0.0	0.0	1.0	0.0
0.6111111111111112	0.0	0.3888888888888889	0.0
0.5555555555555556	0.16666666666666666	0.2222222222222222	0.05555555555555555
0.1111111111111111	0.0	0.0	0.8888888888888888
0.0	0.0	0.0	1.0
0.0	0.1111111111111111	0.0	0.8888888888888888
0.0	1.0	0.0	0.0
0.0	1.0	0.0	0.0

MOTIF MA0108.2 TBP 
letter-probability matrix: alength= 4 w= 15 
0.15681233933161953	0.37275064267352187	0.390745501285347	0.07969151670951156
0.04113110539845758	0.11825192802056556	0.04627249357326478	0.794344473007712
0.9048843187660668	0.0	0.005141388174807198	0.08997429305912596
0.007712082262210797	0.02570694087403599	0.005141388174807198	0.961439588688946
0.910025706940874	0.0	0.012853470437017995	0.07712082262210797
0.6889460154241646	0.0	0.0	0.3110539845758355
0.9254498714652957	0.007712082262210797	0.05141388174807198	0.015424164524421594
0.570694087403599	0.005141388174807198	0.11311053984575835	0.3110539845758355
0.39845758354755784	0.11311053984575835	0.40359897172236503	0.08483290488431877
0.14395886889460155	0.34704370179948585	0.3856041131105398	0.12339331619537275
0.2133676092544987	0.37789203084832906	0.32904884318766064	0.07969151670951156
0.21079691516709512	0.3264781491002571	0.32904884318766064	0.13367609254498714
0.21079691516709512	0.3033419023136247	0.32904884318766064	0.15681233933161953
0.17480719794344474	0.2750642673521851	0.35732647814910024	0.1928020565552699
0.19794344473007713	0.2596401028277635	0.35989717223650386	0.18251928020565553

MOTIF MA0111.1 Spz1 
letter-probability matrix: alength= 4 w= 11 
0.75	0.0	0.25	0.0
0.0	0.16666666666666666	0.75	0.08333333333333333
0.16666666666666666	0.0	0.8333333333333334	0.0
0.0	0.0	0.9166666666666666	0.08333333333333333
0.08333333333333333	0.0	0.08333333333333333	0.8333333333333334
0.6666666666666666	0.0	0.0	0.3333333333333333
0.5	0.0	0.16666666666666666	0.3333333333333333
0.08333333333333333	0.75	0.16666666666666666	0.0
0.8333333333333334	0.0	0.16666666666666666	0.0
0.0	0.08333333333333333	0.75	0.16666666666666666
0.16666666666666666	0.6666666666666666	0.16666666666666666	0.0

MOTIF MA0115.1 NR1H2::RXRA 
letter-probability matrix: alength= 4 w= 17 
0.68	0.2	0.0	0.12
0.68	0.04	0.2	0.08
0.8	0.0	0.2	0.0
0.0	0.0	1.0	0.0
0.0	0.0	0.96	0.04
0.0	0.0	0.0	1.0
0.0	1.0	0.0	0.0
1.0	0.0	0.0	0.0
0.96	0.0	0.0	0.04
1.0	0.0	0.0	0.0
0.0	0.0	1.0	0.0
0.0	0.0	1.0	0.0
0.0	0.0	0.0	1.0
0.0	1.0	0.0	0.0
1.0	0.0	0.0	0.0
0.8	0.04	0.08	0.08
0.0	0.6	0.24	0.16

MOTIF MA0116.1 Znf423 
letter-probability matrix: alength= 4 w= 15 
0.21212121212121213	0.12121212121212122	0.6666666666666666	0.0
0.0	0.48484848484848486	0.5151515151515151	0.0
0.48484848484848486	0.5151515151515151	0.0	0.0
0.5151515151515151	0.48484848484848486	0.0	0.0
0.0	1.0	0.0	0.0
0.0	1.0	0.0	0.0
0.030303030303030304	0.5151515151515151	0.0	0.45454545454545453
0.7272727272727273	0.0	0.0	0.2727272727272727
0.3939393939393939	0.0	0.48484848484848486	0.12121212121212122
0.0	0.0	1.0	0.0
0.0	0.0	1.0	0.0
0.0	0.0	0.5151515151515151	0.48484848484848486
0.0	0.0	0.48484848484848486	0.5151515151515151
0.0	0.24242424242424243	0.48484848484848486	0.2727272727272727
0.3333333333333333	0.6666666666666666	0.0	0.0

MOTIF MA0118.1 Macho-1 
letter-probability matrix: alength= 4 w= 9 
0.11904761904761904	0.35714285714285715	0.14285714285714285	0.38095238095238093
0.21428571428571427	0.047619047619047616	0.5476190476190477	0.19047619047619047
0.0	0.0	1.0	0.0
0.0	0.0	1.0	0.0
0.07142857142857142	0.09523809523809523	0.5476190476190477	0.2857142857142857
0.0	0.0	1.0	0.0
0.11904761904761904	0.16666666666666666	0.35714285714285715	0.35714285714285715
0.11904761904761904	0.3333333333333333	0.09523809523809523	0.4523809523809524
0.30952380952380953	0.3333333333333333	0.23809523809523808	0.11904761904761904

MOTIF MA0119.1 NFIC::TLX1 
letter-probability matrix: alength= 4 w= 14 
0.0	0.0	0.0	1.0
0.0	0.0	1.0	0.0
0.0	0.0	1.0	0.0
0.0	1.0	0.0	0.0
0.875	0.0625	0.0	0.0625
0.125	0.5	0.3125	0.0625
0.125	0.5	0.25	0.125
0.4375	0.0625	0.3125	0.1875
0.25	0.1875	0.125	0.4375
0.0	0.0	1.0	0.0
0.0	1.0	0.0	0.0
0.0	1.0	0.0	0.0
1.0	0.0	0.0	0.0
0.875	0.0	0.0625	0.0625

MOTIF MA0121.1 ARR10 
letter-probability matrix: alength= 4 w= 8 
0.9333333333333333	0.06666666666666667	0.0	0.0
0.0	0.0	1.0	0.0
0.9333333333333333	0.0	0.06666666666666667	0.0
0.0	0.0	0.0	1.0
0.26666666666666666	0.4	0.0	0.3333333333333333
0.06666666666666667	0.5333333333333333	0.0	0.4
0.0	0.0	0.6	0.4
0.2	0.4	0.26666666666666666	0.13333333333333333

MOTIF MA0123.1 abi4 
letter-probability matrix: alength= 4 w= 10 
0.0	1.0	0.0	0.0
0.24489795918367346	0.0	0.7551020408163265	0.0
0.0	0.40816326530612246	0.5918367346938775	0.0
0.0	0.46938775510204084	0.02040816326530612	0.5102040816326531
0.02040816326530612	0.061224489795918366	0.9183673469387755	0.0
0.0	0.9183673469387755	0.08163265306122448	0.0
0.10204081632653061	0.5714285714285714	0.12244897959183673	0.20408163265306123
0.061224489795918366	0.5102040816326531	0.22448979591836735	0.20408163265306123
0.061224489795918366	0.6326530612244898	0.10204081632653061	0.20408163265306123
0.08163265306122448	0.5306122448979592	0.14285714285714285	0.24489795918367346

MOTIF MA0125.1 Nobox 
letter-probability matrix: alength= 4 w= 8 
0.0	0.02631578947368421	0.0	0.9736842105263158
0.9473684210526315	0.0	0.0	0.05263157894736842
1.0	0.0	0.0	0.0
0.02631578947368421	0.02631578947368421	0.05263157894736842	0.8947368421052632
0.05263157894736842	0.0	0.10526315789473684	0.8421052631578947
0.39473684210526316	0.0	0.5789473684210527	0.02631578947368421
0.10526315789473684	0.3157894736842105	0.47368421052631576	0.10526315789473684
0.05263157894736842	0.34210526315789475	0.15789473684210525	0.4473684210526316

MOTIF MA0126.1 ovo 
letter-probability matrix: alength= 4 w= 9 
0.47619047619047616	0.19047619047619047	0.0	0.3333333333333333
0.047619047619047616	0.19047619047619047	0.6666666666666666	0.09523809523809523
0.19047619047619047	0.09523809523809523	0.09523809523809523	0.6190476190476191
0.9523809523809523	0.0	0.0	0.047619047619047616
1.0	0.0	0.0	0.0
0.0	1.0	0.0	0.0
0.3333333333333333	0.23809523809523808	0.14285714285714285	0.2857142857142857
0.0	0.0	1.0	0.0
0.23809523809523808	0.19047619047619047	0.09523809523809523	0.47619047619047616

MOTIF MA0127.1 PEND 
letter-probability matrix: alength= 4 w= 10 
0.7142857142857143	0.047619047619047616	0.19047619047619047	0.047619047619047616
0.14285714285714285	0.4523809523809524	0.16666666666666666	0.23809523809523808
0.023809523809523808	0.0	0.047619047619047616	0.9285714285714286
0.09523809523809523	0.0	0.09523809523809523	0.8095238095238095
0.07142857142857142	0.7857142857142857	0.047619047619047616	0.09523809523809523
0.0	0.047619047619047616	0.047619047619047616	0.9047619047619048
0.047619047619047616	0.0	0.023809523809523808	0.9285714285714286
0.7619047619047619	0.16666666666666666	0.047619047619047616	0.023809523809523808
0.09523809523809523	0.07142857142857142	0.0	0.8333333333333334
0.047619047619047616	0.11904761904761904	0.3333333333333333	0.5

MOTIF MA0128.1 EmBP-1 
letter-probability matrix: alength= 4 w= 8 
0.6923076923076923	0.0	0.0	0.3076923076923077
0.07692307692307693	0.5384615384615384	0.3076923076923077	0.07692307692307693
1.0	0.0	0.0	0.0
0.0	0.9230769230769231	0.0	0.07692307692307693
0.0	0.0	1.0	0.0
0.0	0.0	0.0	1.0
0.0	0.07692307692307693	0.9230769230769231	0.0
0.0	0.07692307692307693	0.9230769230769231	0.0

MOTIF MA0129.1 TGA1A 
letter-probability matrix: alength= 4 w= 7 
0.26666666666666666	0.26666666666666666	0.0	0.4666666666666667
0.8666666666666667	0.0	0.06666666666666667	0.06666666666666667
0.0	0.9333333333333333	0.0	0.06666666666666667
0.13333333333333333	0.0	0.8666666666666667	0.0
0.06666666666666667	0.0	0.0	0.9333333333333333
0.0	1.0	0.0	0.0
0.8666666666666667	0.0	0.06666666666666667	0.06666666666666667

MOTIF MA0130.1 ZNF354C 
letter-probability matrix: alength= 4 w= 6 
0.4375	0.375	0.1875	0.0
0.1875	0.125	0.0	0.6875
0.0	1.0	0.0	0.0
0.0	1.0	0.0	0.0
1.0	0.0	0.0	0.0
0.0	0.9375	0.0625	0.0

MOTIF MA0135.1 Lhx3 
letter-probability matrix: alength= 4 w= 13 
0.45	0.0	0.15	0.4
0.8	0.1	0.1	0.0
0.95	0.0	0.0	0.05
0.0	0.0	0.0	1.0
0.0	0.0	0.0	1.0
0.95	0.0	0.0	0.05
1.0	0.0	0.0	0.0
0.1	0.1	0.0	0.8
0.0	0.05	0.0	0.95
0.8	0.05	0.0	0.15
0.45	0.0	0.15	0.4
0.1	0.4	0.0	0.5
0.1	0.45	0.15	0.3

MOTIF MA0139.1 CTCF 
letter-probability matrix: alength= 4 w= 19 
0.09529025191675794	0.3187294633077766	0.0832420591456736	0.5027382256297919
0.1829134720700986	0.1588170865279299	0.4534501642935378	0.20481927710843373
0.307776560788609	0.05366922234392114	0.49178532311062434	0.14676889375684557
0.06133625410733844	0.8762322015334063	0.023001095290251915	0.03943044906900329
0.008762322015334063	0.9890470974808324	0.0	0.002190580503833516
0.8148959474260679	0.014238773274917854	0.07119386637458927	0.09967141292442497
0.04381161007667032	0.5783132530120482	0.3658269441401972	0.012048192771084338
0.11732456140350878	0.47478070175438597	0.05263157894736842	0.35526315789473684
0.9331140350877193	0.01206140350877193	0.03508771929824561	0.019736842105263157
0.005488474204171241	0.0	0.991218441273326	0.003293084522502744
0.36553238199780463	0.003293084522502744	0.6212952799121844	0.009879253567508232
0.059275521405049394	0.013172338090010977	0.5532381997804611	0.3743139407244786
0.013186813186813187	0.0	0.978021978021978	0.008791208791208791
0.06153846153846154	0.008791208791208791	0.8516483516483516	0.07802197802197802
0.11441144114411442	0.8063806380638063	0.005500550055005501	0.0737073707370737
0.40924092409240925	0.014301430143014302	0.5577557755775577	0.0187018701870187
0.09030837004405286	0.5308370044052864	0.3381057268722467	0.040748898678414094
0.1288546255506608	0.35462555066079293	0.08039647577092511	0.43612334801762115
0.44273127753303965	0.19933920704845814	0.29295154185022027	0.06497797356828194

MOTIF MA0142.1 Pou5f1::Sox2 
letter-probability matrix: alength= 4 w= 15 
0.04618768328445748	0.6202346041055719	0.04838709677419355	0.28519061583577715
0.4238653001464129	0.0424597364568082	0.020497803806734993	0.513177159590044
0.008046817849305048	0.036576444769568395	0.026335040234089245	0.9290416971470373
0.03433162892622352	0.008765522279035792	0.0577063550036523	0.8991964937910883
0.08619430241051863	0.26515704894083275	0.6026296566837107	0.04601899196493791
0.30314097881665447	0.013148283418553688	0.021183345507669833	0.662527392257122
0.15047479912344777	0.266617969320672	0.1358655953250548	0.44704163623082543
0.902118334550767	0.02191380569758948	0.017531044558071585	0.05843681519357195
0.01241782322863404	0.003652300949598247	0.01095690284879474	0.972972972972973
0.007304601899196494	0.01168736303871439	0.9050401753104456	0.07596785975164354
0.01023391812865497	0.7521929824561403	0.09429824561403509	0.14327485380116958
0.7692307692307693	0.011721611721611722	0.02197802197802198	0.19706959706959706
0.6512481644640234	0.049926578560939794	0.23127753303964757	0.06754772393538913
0.881704628949302	0.024246877296105803	0.055106539309331376	0.038941954445260836
0.14548126377663484	0.08743570903747244	0.1520940484937546	0.6149889786921381

MOTIF MA0149.1 EWSR1-FLI1 
letter-probability matrix: alength= 4 w= 18 
0.0	0.0	1.0	0.0
0.01904761904761905	0.0	0.9809523809523809	0.0
0.9904761904761905	0.0	0.009523809523809525	0.0
0.9904761904761905	0.0	0.009523809523809525	0.0
0.009523809523809525	0.0	0.9904761904761905	0.0
0.01904761904761905	0.0	0.9714285714285714	0.009523809523809525
0.9809523809523809	0.0	0.01904761904761905	0.0
0.9714285714285714	0.0	0.02857142857142857	0.0
0.0	0.0	0.9904761904761905	0.009523809523809525
0.0	0.01904761904761905	0.9809523809523809	0.0
0.9428571428571428	0.0380952380952381	0.01904761904761905	0.0
1.0	0.0	0.0	0.0
0.0	0.0	1.0	0.0
0.0	0.01904761904761905	0.9809523809523809	0.0
0.9523809523809523	0.02857142857142857	0.0	0.01904761904761905
0.9714285714285714	0.0	0.01904761904761905	0.009523809523809525
0.047619047619047616	0.0	0.9238095238095239	0.02857142857142857
0.02857142857142857	0.02857142857142857	0.9238095238095239	0.01904761904761905

MOTIF MA0138.2 REST 
letter-probability matrix: alength= 4 w= 21 
0.13262099308610936	0.10936517913262099	0.23004399748585794	0.5279698302954117
0.036318096430807766	0.16844082654978085	0.09142141515341265	0.7038196618659988
0.047589229805886035	0.8553537883531622	0.031308703819661866	0.06574827802128992
0.9063670411985019	0.018726591760299626	0.05867665418227216	0.016229712858926344
0.02119700748129676	0.02743142144638404	0.9451371571072319	0.006234413965087282
0.07601246105919003	0.6093457943925233	0.2012461059190031	0.1133956386292835
0.9806973848069739	0.0043586550435865505	0.007471980074719801	0.007471980074719801
0.0018679950186799503	0.987546699875467	0.007471980074719801	0.00311332503113325
0.021793275217932753	0.9221668742216688	0.012453300124533	0.043586550435865505
0.5688473520249221	0.1252336448598131	0.10093457943925234	0.20498442367601247
0.13653366583541146	0.23379052369077308	0.0773067331670823	0.5523690773067331
0.024314214463840397	0.004364089775561097	0.9669576059850374	0.004364089775561097
0.012468827930174564	0.003117206982543641	0.9831670822942643	0.0012468827930174563
0.877105427323768	0.06986899563318777	0.021210230817217717	0.031815346225826574
0.008125	0.8	0.145625	0.04625
0.98375	0.005625	0.004375	0.00625
0.026348808030112924	0.008155583437892095	0.9598494353826851	0.0056461731493099125
0.12868801004394226	0.6321406151914627	0.11487758945386065	0.12429378531073447
0.22989949748743718	0.019472361809045227	0.4321608040201005	0.3184673366834171
0.1339622641509434	0.5867924528301887	0.20062893081761007	0.07861635220125786
0.11257861635220126	0.70062893081761	0.023270440251572325	0.16352201257861634

MOTIF MA0002.2 Runx1 
letter-probability matrix: alength= 4 w= 11 
0.1435	0.248	0.348	0.2605
0.117	0.2425	0.2335	0.407
0.0615	0.536	0.0745	0.328
0.0285	0.0	0.0035	0.968
0.0	0.0375	0.936	0.0265
0.0435	0.0635	0.035	0.858
0.0	0.0	0.9935	0.0065
0.0085	0.021	0.924	0.0465
0.005	0.2	0.1255	0.6695
0.0655	0.2315	0.0405	0.6625
0.25	0.079	0.1445	0.5265

MOTIF MA0065.2 Pparg::Rxra 
letter-probability matrix: alength= 4 w= 15 
0.10968494749124855	0.36989498249708286	0.3733955659276546	0.147024504084014
0.11771561771561771	0.19347319347319347	0.14801864801864803	0.5407925407925408
0.45348837209302323	0.026744186046511628	0.42790697674418604	0.09186046511627907
0.11614401858304298	0.003484320557491289	0.7793263646922184	0.10104529616724739
0.16125290023201855	0.01740139211136891	0.7819025522041764	0.03944315545243619
0.16821345707656613	0.14965197215777262	0.4582366589327146	0.22389791183294663
0.08227114716106605	0.6338354577056778	0.2074159907300116	0.07647740440324449
0.9490150637311703	0.02433371958285052	0.01738122827346466	0.009269988412514484
0.6048667439165701	0.055619930475086905	0.3128621089223638	0.026651216685979143
0.8252314814814815	0.005787037037037037	0.15856481481481483	0.010416666666666666
0.09501738122827347	0.002317497103128621	0.8887601390498262	0.013904982618771726
0.047508690614136734	0.010428736964078795	0.8030127462340672	0.13904982618771727
0.02549246813441483	0.11471610660486674	0.3047508690614137	0.5550405561993047
0.06264501160092807	0.6438515081206496	0.16705336426914152	0.12645011600928074
0.7842227378190255	0.06728538283062645	0.054524361948955914	0.09396751740139211

MOTIF MA0151.1 Arid3a 
letter-probability matrix: alength= 4 w= 6 
1.0	0.0	0.0	0.0
0.0	0.0	0.0	1.0
0.037037037037037035	0.3333333333333333	0.0	0.6296296296296297
1.0	0.0	0.0	0.0
1.0	0.0	0.0	0.0
0.7407407407407407	0.0	0.037037037037037035	0.2222222222222222

MOTIF MA0155.1 INSM1 
letter-probability matrix: alength= 4 w= 12 
0.041666666666666664	0.0	0.16666666666666666	0.7916666666666666
0.0	0.0	0.8333333333333334	0.16666666666666666
0.0	0.3333333333333333	0.125	0.5416666666666666
0.25	0.625	0.0	0.125
0.6666666666666666	0.0	0.0	0.3333333333333333
0.0	0.0	1.0	0.0
0.0	0.041666666666666664	0.9583333333333334	0.0
0.0	0.0	1.0	0.0
0.0	0.0	1.0	0.0
0.0	0.08333333333333333	0.6666666666666666	0.25
0.125	0.6666666666666666	0.0	0.20833333333333334
0.4166666666666667	0.0	0.5	0.08333333333333333

MOTIF MA0159.1 RARA::RXRA 
letter-probability matrix: alength= 4 w= 17 
0.5217391304347826	0.0	0.4782608695652174	0.0
0.0	0.0	1.0	0.0
0.043478260869565216	0.0	0.5652173913043478	0.391304347826087
0.0	0.0	0.043478260869565216	0.9565217391304348
0.0	0.782608695652174	0.13043478260869565	0.08695652173913043
0.9565217391304348	0.0	0.043478260869565216	0.0
0.17391304347826086	0.30434782608695654	0.21739130434782608	0.30434782608695654
0.21739130434782608	0.34782608695652173	0.391304347826087	0.043478260869565216
0.21739130434782608	0.17391304347826086	0.4782608695652174	0.13043478260869565
0.5652173913043478	0.043478260869565216	0.30434782608695654	0.08695652173913043
0.21739130434782608	0.2608695652173913	0.5217391304347826	0.0
0.7391304347826086	0.13043478260869565	0.13043478260869565	0.0
0.043478260869565216	0.043478260869565216	0.8695652173913043	0.043478260869565216
0.0	0.043478260869565216	0.6956521739130435	0.2608695652173913
